19.317576612075655	18.874000977869805	19.037355059283875	19.2597154251882	22.1430051908383	18.93003247564654	24.274260683872768	19.906249593831728	26.288354437080663	13.056946053397976	17.622892311561586	20.949926232789316	19.03657144565946	17.658023714296824	26.2051360443182	20.57085762154736	24.98891187873632	25.72918328902559	25.533562612537345	23.90873568188443	24.1339722835809	25.821820493742333	24.30632842626038	29.58881077739315	33.059902324419895	28.799025770805944	24.541221745734333	29.00808695164326	28.779912451865105	35.18935604012916
14.964652089452251	13.33580788396171	19.557791714924456	18.91058644456423	18.985507320671918	18.461544048093224	14.348607241181517	16.531891198192785	14.168057690217683	19.36077529017221	24.292936847979412	16.89286952377129	25.578131774271956	21.529085920045492	20.13034597120089	16.97144374049941	19.936317387038955	24.197738852970858	25.75141283880994	25.698208028284	27.49008193946767	23.707652595385834	28.183110567514888	24.399547133982967	23.62247925744898	25.97560403047076	25.194756589974787	26.181145474675127	27.759314366457737	32.77766977183201
16.52192260456321	17.261668205877868	17.442819638605275	12.51350027794685	18.172131877102192	16.271783703087173	24.331216763732236	18.442561835067792	24.264686590020723	14.525440652712469	20.44974526116729	22.32257422960755	20.096191290341647	22.660501180912835	23.911458374824903	26.954275271868728	27.419224826168993	22.56998399142918	29.026850513485748	23.792968088095854	26.31283270250386	27.603978307697638	24.06962027739182	29.117889444514166	33.1404315660607	25.776975851258555	25.814682862584885	31.414699870809955	29.898410739503156	29.304838385925837
15.252726904942246	17.274103162233647	10.110269875761835	15.517285434839511	18.88206841590364	19.140855386774263	15.697832759737626	21.393638510341557	15.785234864222723	26.239166652229372	19.957706414897704	23.303529688515294	20.542317796157455	26.868099162527084	18.478501997792364	25.592708474808926	25.25346268140812	23.253951016740086	22.19982591760612	32.121658159330686	24.53938078833735	25.405482075984548	26.171613233362503	31.33711316106173	24.744481415802422	31.80426583808931	30.180289367438657	24.17813005998935	31.702418723995663	28.733206942715388
10.847726833765943	15.04615508266108	18.81424254191842	20.817942942618252	19.324916454249667	15.392784850504675	26.02171080357546	19.993335210678794	21.45951421186981	21.26661711798494	26.2474559860294	20.92858940953157	20.9308659728454	24.387007443787514	22.629692827465412	22.935241042105027	28.693518170869655	19.249420514590916	27.589214129428342	23.6083408314626	23.02930880459477	23.59672242868769	22.096156366589227	30.461173680314744	29.158131419829175	28.52585869668661	24.90636504021894	29.430530581117335	30.698334778511306	32.618303239969904
16.487591263772327	10.722950565197504	15.728511149767051	17.543865914780163	17.55594334608388	21.94007367522473	17.979743267546215	16.983674675041847	17.896684310280882	22.293404755095313	26.176419551304015	22.31036607068651	27.43645883680488	19.72013437626498	22.13907550834982	21.866180539405796	28.90650962911578	21.384128774338755	25.567258082203207	29.912037771967213	25.219293219945246	27.38378207072193	20.98603605245632	28.70697973590124	27.19367183832533	28.343406245078214	27.223948339909622	23.8107779193684	29.882670611661045	29.416113687401563
10.035683010905307	11.662229094262395	17.052764465236553	17.793184821517343	20.296362723637852	11.243839248597148	23.580066087867404	17.293851742429304	23.793707972304954	24.64817601136123	24.263760144333443	23.05667096246364	21.86647369804014	23.483754533711373	19.20904678700195	21.115139965382358	27.793018828648812	16.86964035634058	21.23071921620326	16.687823324759343	26.63457504115551	20.49739511659964	28.95645773616964	29.38255117291125	29.813993115824832	28.323439440420977	32.691234894031545	26.320728457483835	36.36677216304969	28.38720980216014
20.278256172299553	12.703218006979897	20.32217988830058	18.157320663693262	17.70159453880397	22.67626773543781	17.518658727788594	16.905162712587295	16.9081644785547	15.566757988625866	22.311949858546487	20.315019811481218	24.569994096258775	20.10302458991155	23.965371703171865	23.893089203210703	20.66668223563862	26.657061564722223	22.557185426802786	28.957107410503223	23.984131637475983	31.31938088400301	25.381351701566423	24.00018744730285	26.03209066166269	27.795429313642714	26.103066215436638	33.46606354430385	28.269210483782302	29.89969819998113
16.217731734232096	14.082073048443826	13.1039723058169	14.801793967812554	15.21423266103303	16.547663573834154	19.24627769671223	15.695076266349723	15.674188969075058	15.753977329190196	22.850668810150648	21.440793488942187	20.969241618349297	22.532025752658836	21.88394577882747	23.245986790616964	22.666908810827074	24.3614589308961	23.359351069366046	25.948961148311714	25.446664235016907	23.769534252008942	25.664413108147684	24.168037580417188	26.53391149247291	30.951770342504524	28.08209626410877	31.82288566148837	26.829195101015745	31.330120141922666
11.569232664819802	13.68495958424058	22.472868052967037	19.49872054828066	16.041815798629703	18.61697593817772	18.15998626352646	20.10441429748129	23.416669045978104	21.412029707944292	25.349890193198185	15.809007069411342	26.71337775190547	20.491453310127817	21.52830842672006	24.711391585530706	28.58520314855995	22.689218033233516	26.011811833523918	23.509038143080865	23.964393884105377	29.16505765264624	24.61495536587715	31.47177613951198	26.640710320982965	25.362928076242945	29.69642246215232	24.896214601905807	33.68542167403491	31.43838841649068
10.26353668788356	16.17600955773737	15.663330305231407	13.328993289973688	14.188128003101683	20.155221164398043	16.954271729042755	17.758703705184598	19.64039711410642	25.218225572826267	15.600031338248279	18.277117129139143	20.99933107434374	22.721359401647337	21.54543833837013	25.683349454802762	24.22783604199823	20.3960069774532	24.44404541505743	21.24719399922938	26.20713552002793	24.458293612047118	22.136383708231307	29.546027664579896	26.33829505217352	26.65011683525693	31.579899728621605	33.207656803406536	32.08074063070204	24.554648765739955
10.044028609820733	12.569511659713918	15.759358488734433	18.29953491974075	16.7727277256801	16.849763301459827	17.33628090994076	17.621798239921517	20.87302751225341	15.075342870982347	25.418042973478407	17.056483949280963	23.15615043790979	20.896728087397545	18.336197888900365	24.605275512967715	22.081586492726046	20.47467087128238	23.180621933773864	23.979679969270695	27.504299978451108	28.942247848157912	27.960614771874102	26.61006375718931	30.516685065881596	26.411121330323162	30.268386114838876	29.22768666266357	31.502405390383124	27.5704851953025
19.650573143190947	15.65522818378287	16.716014037730364	14.204170995848743	16.069457402680875	16.151314430557743	24.539592607264307	19.973399912246414	24.040890098072467	21.227429055340718	20.28838985472233	25.086425409001187	18.347350606754713	20.729062529810864	27.02502521529829	25.74720230924068	26.979322250492682	22.829454091152073	23.47810198185029	21.138553971731483	24.45630957076853	23.347333058566168	19.907815616359525	26.840230053119978	25.611090752509664	33.687092619977	26.272775406683287	32.64549398479374	29.012726977039218	29.08656976216883
18.142002435230566	14.351732776476233	14.033459258828495	16.21448485258059	20.503211772364075	17.17921409129389	17.72940503267019	16.42165154149645	10.542143344904215	15.908377267792108	22.428026292295822	19.54417025199347	26.09866164823636	20.734303379860595	19.047444401205293	20.32833735539517	19.778122245330522	23.332266693438097	26.294010739887156	29.560582680165673	25.424866422226092	26.25356199904356	28.87054203951254	23.26921372352988	23.735209452059014	28.80823369233952	24.69623984390294	29.993800516178066	24.608766968597823	36.71543737467874
16.721654314318233	18.025116503204444	16.674725605727104	18.854926496513308	21.71551479958569	16.811184688461424	22.454349595340396	24.698303218180566	17.137116240000378	19.343193808642372	17.38260635687378	16.604583803287362	20.322688562946958	22.602339306495555	16.4744569174613	29.733067053638074	24.661282756498014	23.33246421185759	25.464936421518246	27.394978478645882	28.504245791357743	30.945223541780823	26.075008175993307	32.8865785624383	25.860827421953825	30.39986878094627	28.003020480995957	27.829932488945225	30.205571018122992	30.922712798183543
16.499149219840977	22.98833154120539	19.80923560501796	18.532187688992604	15.670609468480578	20.67553427195101	12.083329205261528	20.23417013585067	17.819427687093892	24.735474577822696	16.52191938333136	25.973629467784615	18.727060612680518	24.23244431638	29.615330228967956	23.46250895073206	21.343599389465158	27.005153112679828	22.905399994706848	23.58179578496175	29.44938780764806	28.276371100951472	27.36649098659165	27.34035241198585	26.023104913502625	24.664321607156065	25.084948174673155	30.739425329244796	28.644676374593242	26.25259948228695
19.865391754253487	13.786122322662214	14.983707991139804	17.33404505531966	18.822688532416997	13.353379414176935	21.698390697915602	25.76404064866702	22.249953662154603	24.76487803879252	23.84052040830129	19.2189738794552	22.597430920788092	23.094273170218617	21.085305792406146	22.697013585249675	24.120389680112343	26.00202869346664	16.569343306854265	22.95873018140692	28.043196412980254	23.12228368055328	25.87814602098956	27.001182343427995	21.280752490364222	33.07555637605422	30.94402200595152	25.897008599265238	35.270954663527284	29.36970088774066
13.050199857462692	18.294151964947474	19.377623597830425	15.44392739837849	18.020895488211373	13.432338261529397	19.600466336188887	18.10955640690841	19.736898985409997	21.45885690950107	19.19972573320461	21.610849128750843	23.513305444377245	22.90652078694207	25.962305685683507	19.609088591570693	28.021701072730703	21.663075219508592	24.27431309736462	21.60876062955963	26.725430311266567	22.73484016993465	28.113559744743934	24.896495571692924	28.27044870775733	25.02875345748821	27.90222934747049	30.3897080770876	33.90972014703124	29.735476062441347
20.192637442583706	17.747107893009254	13.936613276360081	14.651607175290993	23.091877801397317	11.618882910489766	15.149728995332188	21.492399776269043	13.576939081392297	26.381628635464768	15.195358213728227	23.05168392470574	16.399515388632246	24.082124093538976	23.753817429213075	16.103908051663545	21.357232621549578	29.58228596284588	23.27262095393392	27.393775656117672	24.17013233585737	22.663658705969773	28.02068429337967	24.890280240445247	22.072631044830302	29.111231995414734	27.830305399304738	25.58420189546903	25.74662715213754	31.9875406288409
18.890447448234536	22.402521722186407	16.27729297197003	13.984925909374219	19.16486813754193	12.678426398984008	20.51059062300349	17.671360910505037	21.02208441952015	20.982399275791764	18.884184933157307	26.598861091007933	15.606165205783975	18.337806412648597	29.28555141515465	19.630754647378737	25.03705456714504	26.89106690127323	20.682384832053348	20.78526978518358	26.017799112563626	18.265696780469682	27.460922146798904	23.51595689287461	27.26288305244265	26.326644305737027	23.841591418323915	31.131082223816545	27.543838110823003	31.356906845262767
12.399427302687219	19.960883060921315	19.64795905305684	20.093030048625508	16.279500114109428	20.761993126160707	14.135750731744075	18.455668560063334	17.611900586584838	17.907917740803473	17.7783739879549	20.075551235209442	20.80673896333621	21.171477753066835	27.428977921608322	24.997398693461488	20.94128639360942	24.89984171359863	24.61804258048897	24.849969227911526	25.376522268582487	28.797834045904008	26.08538733414187	27.683841028258673	28.942005099576328	23.762222807217217	26.59578850464203	26.676973363556343	27.646667693817353	26.98727995190317
17.657661192548577	12.545930333160182	16.851225492274065	16.887075456383908	13.274603028935733	16.272451133231037	21.28431025217664	22.27175747845096	18.674980211975758	16.102904518677292	24.536316077387752	19.01565835464089	28.477772608017332	25.752854269510664	23.901796150922845	21.719437165222377	24.94426865564486	21.422413400976197	29.83535563678306	25.40203401232719	31.28316086713117	23.647380765374436	25.996301045522127	24.631629662690102	33.5061795466566	32.76694487211405	27.42880320603287	26.41221445787304	33.462596702337585	36.127316530267855
15.207089005869173	15.979531144787453	18.972549229736035	18.500399841916074	15.686653021092123	20.79925237143358	21.39787202799098	14.27313241244818	22.569100153951492	23.65675574081142	16.65216935731256	21.529856202979275	23.32952013650572	12.7668554844919	18.91705703276752	24.424970117869986	29.009339312406535	20.36232033005125	20.487919351113955	27.10826578415368	26.600914927322926	28.229440543453737	26.570524967701076	30.77869279185337	28.600139886922026	28.50564349958436	29.199171705626505	30.79682920842596	30.44563187209016	27.108734424392615
16.17770848656238	12.90898544747075	11.354767388196036	15.56515270337839	17.322531245587953	14.35269526860457	17.45142377291033	18.96664674173043	16.26646889310879	17.567081301595607	23.241934504292367	17.27410116473127	21.727736451856995	25.480242852500087	21.661633443761726	21.57687973015173	24.04060665191317	23.498373170271506	30.58245994996784	25.810137012835764	25.543479821115238	23.93300018565701	20.458134283245222	33.32308250990084	24.681621794827564	32.020212407316315	27.13852578475833	27.543775290883538	27.774240666590156	25.968299464596765
14.627126437461914	10.700959152177763	15.583645187596112	10.710390954078004	13.833160371872575	23.513291436636596	17.614905729693632	12.286277159963575	20.689383637854608	20.967793926685825	24.321719521838553	21.585293741440804	21.76356864279885	26.114122648744612	20.6766059867483	24.493625964482373	23.44194973438575	22.641790483870285	24.52880521775461	23.894401686767647	27.202728183063325	23.13830074544599	22.26028696672683	25.462216140760876	30.059139102889755	28.118714724663835	29.538089949412065	38.055361440107035	32.49671654227799	25.783294318889897
21.700118788735132	18.934354896419748	18.306551779096743	18.644121663325905	17.411587902883603	12.972588572631707	21.321461994375795	18.47841652303763	17.830549433194985	18.129230271251323	18.171449796804378	16.115028267181305	22.88878094126117	17.470373528778186	21.162012931608356	20.271622223074324	21.522795032204378	26.58995365014778	27.171761211380367	22.496281569400924	32.31472642508532	22.528385001513413	26.109417628540967	28.918413841308713	24.128777583800577	33.2916704201294	23.188541448855872	29.354119499833576	25.766605163619772	35.28970324540163
14.046748861324781	17.353330213228126	15.464340790578316	14.374168230657583	20.035214673035075	23.140202435685868	16.548109835489306	20.03155431572926	19.046853219023035	24.687213918576713	16.89238208891332	26.504288639927587	22.435856843833875	28.100361565047365	20.423025853497847	27.49150795082094	19.52566717252126	19.930163423943494	25.9201682145089	24.07827348076349	23.010865053222943	24.51082013553994	27.809460246738197	28.057966580282155	27.52550719705802	27.294366887477068	30.116040647743073	29.14023795893114	32.69596438191638	31.136899781085294
12.785743595010013	17.06538306754418	13.955828499447845	17.039429561047324	15.30240339543168	19.30747804485654	16.41291666933414	14.93687228702841	16.65686276557673	21.677698670482997	23.206585090639784	23.755912665682143	20.643325378683823	25.957711196021894	25.721692265987784	18.752766977686868	22.01008481548031	25.881748327562793	23.60240498657599	27.06881727196832	26.26368206227593	26.22170965201678	27.001660894346227	19.469287487985284	26.694919421850614	27.647752000535043	31.287717579349057	31.34492623490644	26.296061246628657	28.639468304432796
10.330217692878076	15.979812579476237	17.073485158636082	14.470920886144587	18.481305431256988	18.831674927793046	14.145303808941392	20.12234374765647	16.218626424745455	18.72020733489066	17.706101694208623	19.65067173445474	19.665277099898464	24.032687759389766	25.83951489279402	19.030031610297694	20.48854664052647	28.60146823103963	24.867452235453992	22.985544346514235	16.600811048758775	28.3564274262318	29.838833739432825	20.270918510128002	24.27198855833342	20.54392154537316	34.54924851007849	30.395760752670153	26.26626027806499	32.06740767382735
15.766506621797758	16.177430896752767	25.708104746426272	20.202064212283673	20.357586946986242	18.482055904072105	23.693756620473444	21.457912402614753	29.22087250631415	17.520243546658378	19.747348220574025	20.49586864258531	25.841023768396305	20.574183366354156	25.62009872514563	24.73954064372162	26.70733507984202	22.42832579765665	29.05751098310433	21.28422869981752	18.386603906015694	28.394071040468795	29.432017068699906	27.44734587839765	32.93498536923689	24.494332603645	28.70935583671807	28.766051699196172	33.533741081080926	33.71262373279187
12.360026682752098	15.914260429949005	19.766710684921346	22.16177389392401	16.462681880235323	19.73650143910206	19.36453511563303	22.596403743566306	16.997209396190986	21.951018234255876	21.164328935319368	22.45395666502442	24.16019430617063	20.64673061980606	22.655943003829073	22.04634473397824	24.716348479244278	22.310568240630804	20.17312318252665	27.391866159598514	23.312575767136252	25.33493717713847	31.030118293166414	22.60683113527807	27.78688020387555	25.867326002768067	29.942087749108325	30.173829666746578	34.11382884281313	31.942498396899623
14.497271576553862	16.221725718390704	15.542114162681651	20.71926643529822	16.747736653476814	18.411948716014503	21.807313119544272	19.198171411234647	23.11082478299881	16.657018869740703	23.360449255383934	18.75681962035112	25.816611143184353	18.618794604252543	18.84409557817408	22.25424036618171	23.67804483221577	23.05539690427336	23.943167063941114	22.476340979067025	29.832821378998027	25.660193753804066	29.145410023085617	27.25736077682091	33.376225282690584	26.86336192022173	32.92965807945704	24.603761939215083	35.93183103798786	32.31748368688702
13.208151460757929	16.590898134258623	19.463030429756675	20.355212159590614	16.733901323852553	19.820154496827012	21.252597785331112	21.06671006839152	22.840779999442823	19.889382201750248	20.374912975882026	23.571875119135257	24.636977622840718	19.029828917475523	26.43544267035258	25.675437704869207	26.268295091172824	24.07894645022772	23.248165331512975	26.950951667937165	25.021878185353845	23.784820159276812	28.64098301263713	27.436669112770183	39.955198516194244	22.678874894943903	28.361341054301313	25.74176450489372	35.74045718662755	28.611221239219372
12.573732142548552	16.25726820748963	17.620857032189296	19.582585889752707	14.759049067880948	15.948783753906739	16.017508643253816	19.408380927536445	20.214508723584775	21.926145637990516	22.07133056003367	22.664706200691974	20.278995012864698	19.006044561858815	22.80520975982513	20.5478584653671	21.329126764473955	24.514510194282906	27.354218100712455	22.75203455389131	28.723909342288444	26.199731265652932	27.83057378530335	26.00078946528735	31.50780868607358	28.358016117623126	26.704316972626803	28.965047363289223	27.683095667647006	36.113536299672845
14.354511759829593	19.25884896605897	13.553568800275709	15.571353098485439	15.23963276697206	18.450100665737175	16.3479485686741	21.89366071884364	20.42018819540051	24.291727474029823	22.84494556723001	22.107544869581965	21.715280235796254	22.18045316908726	23.089389777568265	28.636179746125986	28.665773969935167	22.98977305013977	21.429302731506358	28.009809523901684	27.46823590376272	26.332979180149884	23.34686545061776	30.190855156633376	28.436629453440673	29.11758178604033	26.82474531103042	25.839766536488547	31.687392128975894	29.118635201773202
11.600980506444932	15.015946305411969	16.49214336104788	16.95230974815135	15.501662623421472	14.67776791862856	16.75419065540882	13.751507433324427	21.352581218166712	25.539463487305984	21.589586248171535	15.365612789595968	18.956721422235198	20.902991171580442	15.38111587108833	20.456617577873388	18.650751380846348	24.704137404788153	21.499559206934613	20.347832301474924	26.574854252764407	21.659816720933563	28.24577790634144	29.527201818979705	22.838693338929588	29.100788241866503	29.77730457868518	32.32502950575893	28.39214587912888	29.43142030375111
16.210564703196628	17.10023002358994	15.083433616956235	13.356627283532482	14.429300095527585	21.086348908801494	19.48377854609849	19.64388594398535	22.343948493928277	13.991758956438769	19.99439241804602	20.829649490199273	22.891266877349288	22.116661947054734	24.472459216654403	28.664285271564147	25.013406042784535	21.88721471502603	28.07848397663178	27.225439862901652	23.64009231929191	28.821612741927822	24.303717362761425	26.930626019931243	31.79051323459835	27.809646185272822	25.770100121134405	28.967823679212973	28.65369242676935	31.607494794478647
15.00927714086892	19.614891240352616	17.375900761401056	20.8327099721338	13.472784059310323	17.340056654402634	19.11604314673577	15.38846312665582	20.777740709733273	20.700341288867246	21.84966933305262	22.682647349130594	19.22974247854525	25.587442499443164	26.732993708036748	20.644581845379385	25.04805911169765	22.975875076447327	30.337655801669417	23.084282096884266	25.695360708448643	26.15666017498029	24.917851540547755	32.6900485029573	32.13095401724117	27.516369230255435	27.689564067872617	26.973280860226403	26.791298240293685	23.745850747499635
14.403791997812768	18.16421722789947	13.402173612109936	18.451613995796915	19.421461299915443	15.874886114180997	15.751510525166418	17.05017315461693	16.503309216302686	13.300900043590001	24.80747908263154	16.84064924356617	20.148015650449786	23.939671614833884	22.86801418061653	20.584969901992665	20.09694615505816	28.441721891879368	26.09150392531531	26.403037972046924	28.069197133414182	26.803663023294146	27.885846371203325	25.77605567917451	27.284069853029532	23.360093556947486	28.476697635079987	24.73361201431363	26.159160500546992	25.80180775103634
14.307965118216881	13.420722104671393	13.062425844220684	11.014791268191424	21.15361878434352	20.397667121591333	15.41081609692819	21.00089666618613	17.338557031695043	28.599843841537766	18.740798484113615	23.75821728941015	18.188103618230446	25.43286537586318	17.4136481442255	26.21311970071966	25.36245177087396	23.66104689925854	23.03194738008529	27.763013605956953	22.636031537966566	30.11004536410198	24.395326692951524	27.06226279494034	18.876007928492687	31.27128732622138	31.56828371186415	32.41173490064015	29.275713787703975	33.00743809414242
11.626632194701056	17.031432815374096	15.527102883489425	19.885010257037916	17.43333492998445	17.246505899497965	18.079599916609105	15.973541899735002	17.082971274458846	18.362272725934957	20.889711558835174	16.402511591244703	21.33438519703914	22.75930234453264	16.094602935938155	23.219924086832126	24.869487496350995	23.698069420515314	18.63581245635533	28.266224497135966	25.344625655768954	27.657707676504444	28.35805237734884	28.933985601903565	26.361459572532866	29.240448402523654	31.18243621738482	29.120117623435025	32.73744654495735	29.752702846372202
17.13908887441522	11.683983695234302	17.791356013577715	20.8427308043363	19.050290299849536	18.342401778861902	22.494969753552088	24.760783509553438	18.63966099254799	23.792298986520176	20.825766970421913	23.86271846619649	25.683206537384	22.49410161399877	21.845310894725458	24.153181151231596	23.803919470428273	21.89743711923684	22.081449164288664	27.20654486793889	25.906942337298865	28.892721690095957	30.650363198188227	22.188550272908977	28.221979457844775	29.451807924833535	30.273357329793924	26.995469700700845	31.875701565873268	31.199809670215433
12.250823635893934	15.486793494101713	18.822716668757646	13.748941743973528	17.45368001357259	18.194303706046526	16.777395379179993	17.627587966802484	21.995241599165777	24.607189211936905	20.418586804293216	22.919826731804143	19.307772385512028	24.78561211460568	21.68264834182256	23.52897509287151	23.480869881119073	22.80857348621985	22.43892918615153	24.171116312338597	22.442641524317636	25.93110540430081	24.40337756017294	30.990493506176872	23.35062909203164	27.04050380247717	28.85404527287086	30.312731966464742	31.147002236980743	28.451382859218384
15.850270884481091	15.884573118715416	18.71128669063121	14.505330331133116	14.755046001727058	18.171253121492576	11.388835150036408	13.272650789754614	13.845669705383095	22.01855089348088	21.601930669907624	21.76871946415259	23.50205122655128	27.308928925275545	25.691756890233876	20.909179133350897	24.33144157133986	21.698381926554973	25.61957593385757	28.763707397898074	33.546500034537644	30.106544462445157	24.653420529500615	25.986468522037097	27.447841632441122	28.940681239872294	25.427690600487562	32.35567251535129	29.421156441040456	24.942618378855524
21.22660813487599	17.159432130956468	19.829800164047224	18.015201660769097	16.40225161319267	18.85001663555884	17.22757370544641	19.80330692312755	19.01026772921123	17.06374793205412	17.62924449323904	17.1588899866439	26.099413232700673	15.625534128214131	24.795725662068453	22.328097332055897	22.015529108655393	25.85180367054064	29.040407561467596	23.256342976741646	31.201447475790875	27.964284582028057	25.89583958869218	27.609951022676146	30.01989627143787	26.245210610841198	25.209592743445786	28.159097844783712	27.699715816750388	30.937211257155248
14.156830221252305	17.124617525880918	22.911080734527356	18.542669690178915	22.003591283325367	18.58746410078374	21.04726722295861	19.01507755316388	18.27785017875942	22.333796990484927	14.367879694227	21.938700565570777	17.282791967910008	19.932786150751983	22.69087546551455	21.523315098320666	19.198954770569124	22.85120632376216	24.240574282593542	19.610859646159003	21.673571327024828	22.364481953364876	27.08872284030296	27.54551342051359	24.51948905956911	24.68889564470796	26.661727006139348	38.20737500668182	28.655929871741762	30.28411518183609
7.875559973283556	16.63395462325517	19.523496747623447	20.692558711596213	20.897079894450638	18.73432815511848	21.224188649666548	14.559461298517517	19.972734368565717	18.31758789687621	21.99848020081043	19.57528547038838	20.20914481277314	20.36107457690647	15.33649133586719	18.806101126883494	23.5512003700132	23.197667168586246	19.479446879364605	23.278139468622822	27.890338272172368	24.095038896978412	31.431562243023848	27.278475335694015	31.063398685936157	22.277434378567666	33.19742385559836	31.010789311006903	34.25911067363507	29.185365541669448
15.679075687746645	14.888950751257935	14.02423575085112	15.4282445525386	20.752293092171232	15.865282440375672	21.289032215688692	17.64180347184252	20.862241308291907	22.20840079551348	23.55195032267244	22.749532034180405	18.105154551663176	27.264827009030498	23.271945429842205	17.02458216584585	24.397751079911632	23.756624799880615	23.250211287913462	21.379714017418316	26.576184650523096	23.05029493332934	26.178362649343875	26.491925472434914	24.5542690796251	29.480599675929845	31.149090124726595	28.49170472535732	27.905383314849317	28.23025262534178
19.13072831858101	16.071630188694726	13.051296350965524	16.529560432603567	19.35428518950114	14.83477830151093	19.870721137563628	16.871901804467072	17.861530346177926	20.500553652226127	17.205892646692494	21.01417578287867	19.07685531226455	24.012630835438934	23.769233472258538	20.321991266827112	22.134625409826462	23.606757712846182	26.771506884885163	22.28106304109303	25.988205709646337	30.117824155509346	23.000543734649053	28.878523117933412	23.261432017486488	33.214976921013424	28.032563103652794	31.538780818462026	23.132881004920684	30.121872747412528
15.782328840806047	15.030514978973203	18.11981248423633	18.43873191565201	21.311989255354177	17.708877562833266	18.013203545729592	20.500400912148134	19.988430829686333	20.385440680375076	22.00158971735709	21.6263837610215	24.174772130879205	23.484050810111388	21.210274010296583	22.76091923400788	22.952028723945254	22.644348315157096	24.189827459021036	21.450774217837882	27.692934182901794	29.50069967664032	26.505617837614462	28.65180997607718	26.122426618303038	29.460216574669285	29.427078651008188	29.569817841712997	33.69909797385663	33.42002691659293
18.741096841616987	11.636471867713379	24.35028141032552	16.571199114873707	16.740827563162682	18.340451956823806	25.19610240887176	19.921937747857847	30.206832927595194	23.060164324987653	21.658655028011847	22.44838589733504	20.511546856267014	20.32938031566339	30.109225896490436	23.281633729868876	25.421182925628123	23.14878448304738	22.2615769289934	16.298178614267794	28.11521733654925	26.142699222137377	20.592457877852297	24.22355512404918	27.6316442987402	29.379717580418838	27.109409423883587	33.287991405447876	30.831090516555822	24.375303851036186
17.242741853453722	12.658149823968571	15.87417971784159	16.905587266560286	9.558766768787887	17.216447207795305	16.868153336924244	17.71304687783167	18.744039588882593	15.49806348034451	26.137794709329544	15.102788199652533	24.903308834627456	20.329746549307067	25.875076831422867	28.078202959988545	21.344158012960445	24.770846400082558	29.686792242241665	26.619473067693885	31.491395474645135	29.034331874798184	22.09069205425719	26.960737872950663	26.5903708830361	31.51183523558602	24.84446260794079	31.732394147711425	26.788249879275796	23.131821043051104
12.918968438700922	21.994425538162275	19.593050248992288	14.209977142388615	13.11024422230427	19.849590456767732	17.30300740634506	18.80913712185183	22.971223405151793	19.645068125534923	22.20548402260648	22.55504532249646	17.058331331553763	27.378760328667035	29.5015776235607	27.367207428329237	24.487263662480263	24.417286619539208	29.798048449430087	21.01275459467295	27.935494727505016	30.4526911247497	23.274613972594707	26.27998880531241	30.046236793377876	24.773458647644535	25.673240604482856	32.56454444451318	28.5917239348357	27.703517749751807
12.647100071025507	14.03323361392277	16.74219933082157	16.521225782087882	14.907692672825009	18.802408883147013	18.7669483189926	18.62074328843196	22.00133218140553	22.587502981827832	22.705587829783045	22.859132744444576	20.76577130959246	23.520538966660638	18.59900287930316	27.095693821790984	25.55518745139	19.594901799078848	24.62047269897846	22.471428888173214	27.076087403554602	26.128551907419308	25.106953543998202	31.845298225598476	29.965891857682205	31.33321660468347	29.05287072787886	29.203601100530655	31.19656346260659	32.15684095773446
13.746330010066739	13.994080766372376	18.679479806859355	13.17232067693914	19.090274431051157	19.747446434049746	18.858168308691237	18.03465169067705	16.541268147523006	18.81019617286544	20.396675976544927	24.201065756431785	22.493158858771224	22.291033300627713	29.869252405986096	26.11240936607248	25.939133944057705	18.516274630962936	30.633597305896167	24.696458757417552	20.84744163221493	31.079539057898593	18.08132086307897	26.32600418137011	28.568226097387694	25.89708052968146	24.8528227795793	36.36466440850526	24.690909154017014	28.58330043127279
12.43729512326695	13.328562738049719	12.657342173284553	18.741215696274804	15.703094617108928	11.743440173590198	22.83193742332202	15.117525410907975	17.2102297788474	19.336986051754284	24.228583006238804	20.036001293762016	21.902061268823548	18.698423077066398	16.26146742800387	24.11345435247896	27.11779516521958	18.474017683090587	27.782127582675923	23.312218895434786	31.698432779597308	22.2164168010885	25.11094932048495	31.837002885625697	32.09394567736568	30.45123802143641	26.32232330201272	28.371624542624453	26.385541709310303	29.444456991901998
13.037304341662884	20.733010808301934	18.156979162062818	15.696377905642029	13.73299229293172	17.610009383553017	16.184712876857628	16.92673840476602	22.899735819452705	21.990965552861105	24.57157915365248	23.41583438679939	12.851755715462343	27.163649091245023	25.005563866637498	25.10101336304235	24.221841500135557	27.12606863666183	25.18158424866178	23.549261264822956	27.640945238665857	27.46991174150954	25.57229398188215	29.072091340478813	24.67066490990233	27.370104933842214	24.40676709086613	33.273133773240716	25.99095275509895	26.572842360867618
16.997084375566416	12.250286045076209	16.226062671410453	12.72104878038109	18.40169156052375	13.260927607091418	17.447533600402522	17.165825028481944	15.268919318502508	19.06173804822644	23.90289464100642	18.890435136599336	20.217835790249932	27.191944741060976	21.760858705170847	23.299196433936366	25.18716079678415	22.28719442666489	29.24553294470309	23.32569599710936	29.67329518461999	28.692488949765266	22.733093281997178	30.31286782993592	23.115392566956764	31.1277023792368	25.332577086357368	30.742601290366284	24.821209185963014	27.773376488256613
15.57769336707915	10.97262387417102	13.920169756498934	14.860210558387054	21.55147079072167	19.310011789262525	21.586607843337987	19.12282315995514	20.101761764044785	22.118514651251846	17.846758249518725	20.647407556208115	27.88521258432872	19.18890144269848	16.07437366133484	23.900782297946957	27.41841190799239	18.802244094173815	24.897449706872607	23.43597638579802	24.80493535841874	25.569804945089295	27.174900159625206	29.369225688465026	29.777998758955206	27.97962290867089	33.212620267286496	25.027055740610862	35.00214725285406	33.09553413148225
15.1883330669642	15.114315813682431	16.483991018182387	13.309565842895726	16.075418413522854	20.75498940582862	15.889225658680877	16.127754815454256	15.556361475399143	16.6746458331445	21.684938753620337	24.8824570452282	20.824450160047018	27.98261793469563	25.47972411532153	22.572295387681724	24.7585199353888	23.398951147185834	27.290844985224318	28.116121279557195	20.72215429160176	26.17037820820987	26.678623786059994	23.730516088794044	27.295091799069283	24.916810676933217	28.30208093581965	29.805567709430598	28.72631943123732	28.248896601887754
14.963325576746703	13.819100804697637	18.800844262166457	18.124421765214908	22.149003701157568	19.397997064131175	22.099852158529327	19.433478113838195	22.104402969004255	23.07987622926806	17.308749526470383	27.919773643234652	18.22689709242419	23.5818357483511	23.336558635997065	17.376390444750722	21.378297380958468	23.77877962815004	23.50744596395	18.44572263606304	25.27992779540536	27.508553971500028	30.99521365965256	20.19207705751841	30.792107021720984	24.443750187353555	34.49827319599093	33.968446008954196	28.241924391188615	30.959199453968488
20.921396666473935	21.812039871916685	13.322432664092702	17.646608524025993	16.667443714531917	13.62330507606087	17.908201559316062	21.47085796346818	20.099751266518403	20.838456406190094	17.108876673325042	20.404889240141173	19.84953191876226	22.851152078744096	23.963867801610338	19.859239889851356	24.17896211883818	26.115084671911656	23.054887977388177	22.519008991806764	26.11327476937915	22.386100717052692	25.278891269472798	30.489071351139316	20.001500539649488	35.26190321859636	24.933093418171545	22.80131422756681	29.35290095257725	35.41240898412575
13.203424427106517	15.311378219872886	16.758377146320203	14.921737367961498	15.760827199196992	18.986368549301293	16.684242356203143	13.684099016890814	15.739682121544039	16.048778744898634	17.922362676029138	21.34986838319916	19.48871016032514	19.065903735321154	21.727688882246444	23.619975380657326	23.179816210395227	20.069425866367332	21.558630478249654	26.2182660594165	23.393032172296092	23.64908808333977	22.7241274219728	26.547877736896943	24.071061362449257	32.65177615574767	24.577778860604273	37.594323741592135	26.59604467645818	34.0032433607221
18.195873101304095	14.170766005825351	18.884129192515644	14.191498935342727	19.593582806969316	16.869421990716866	18.292497582433224	20.141637386853464	21.088673126599282	20.26106993588325	21.32661705983076	21.847168087423974	25.801676251547146	21.793355042678108	21.74115366712588	23.574205983230208	27.601372743386	22.53263533727143	21.883007310709523	28.19853176266026	24.757819989837355	24.20327963417867	25.01781521781479	25.75491693804311	23.835414653642154	33.916320901214284	25.7717806832042	29.041698605492847	34.66576584692256	39.239860840778135
12.401931593724946	21.346714952004977	13.880196863669159	19.798153967784494	13.582054111147649	16.377407931390252	17.843251097625384	19.870646508928512	17.889383385663272	22.279915075502714	19.155118244976872	21.49426650838901	18.60930252295659	22.150915024945824	23.289144342947658	23.4678159327802	20.91291498273274	25.00561765920421	25.19303629831091	28.899079440877692	26.567935823372803	23.85530533033258	29.30350099597696	27.482003928926176	28.751934394239626	27.661951410321226	26.609364643678017	28.464449879911875	26.285582863359355	27.84277068946752
15.410704230279949	16.924119006052617	18.735312639204242	13.026814761428685	18.71300275073616	19.088751977568826	20.841900471559622	17.9549384104299	21.96951530466119	20.624663315805282	14.467723023048018	20.097923708980794	23.370689524275175	14.990007088206553	19.94204244834853	26.187622900034008	21.790694653304257	20.078913208927105	28.61256521674064	22.35940816213872	24.169046497627555	22.31903545008135	24.2907596628325	27.887429297105072	29.738574533090105	25.968814661671733	26.37208458763057	33.34638266908881	29.02494369479027	33.095206286794465
12.9827245337134	10.822316207075554	15.164581750091594	17.050653958989155	13.68619431448374	15.19669659275945	27.05524633891578	14.081675921054117	23.22759046705789	18.532886735716023	27.59284241999628	19.684730214697186	19.927343073503835	19.414656904348714	17.661906616228258	22.819847815823593	28.793114378670857	20.108081054909317	24.270668546908478	25.24751652333024	27.028131221911302	20.981945878400012	23.59194817583078	28.908961395293314	29.329434227216648	32.60389957130668	27.927712875387567	31.54169274648182	30.45538042648829	30.81965901058691
17.496023867355024	19.699213823296255	20.70626009124678	17.77767242713023	9.782271479351454	18.659014953579863	19.259447908129346	18.936841329335888	19.95347337045455	22.97363252102861	20.73859146512997	22.204941533048803	22.697967691960585	16.08810019762071	25.32167197772996	32.07785299025572	25.300897741051994	21.896379887381258	18.269847796517773	28.497013516765634	27.68508906042804	21.164572854380598	23.70798155494402	26.864499002684937	28.10028731102634	31.49347148750957	17.530033481109385	32.220964335007636	31.08799110352839	30.045914543329996
18.88617137775316	11.02686857309134	12.110081790450959	8.125185295679609	13.76140708659621	20.30915403462835	21.656919465060067	18.894869254931233	20.147937837943452	19.68855776207577	20.829919133777366	24.578867973300397	19.630426716827483	25.31321990742695	26.655665757536415	23.121160676991046	26.924245867561673	24.719021860189326	21.706830300857973	25.310647350627892	26.1134408837811	24.576835086591792	20.197092509559845	22.47328658383557	28.921733174310145	32.215286602579525	29.09248979925418	35.266323660429265	30.5473285296416	30.784439250735822
14.292852209877688	14.480838091516176	13.3485595179334	16.098291544702942	18.90719333805133	16.336174226774972	23.31951929849237	23.843100710973783	21.23510486170157	17.269342984670505	22.57106166872732	19.49753960613453	22.452817578046627	26.94819325178706	19.18659346136131	26.617048509627434	21.829206780713022	23.210146923965183	21.626486210798745	26.232595361911876	23.74961354200179	26.195121772584283	27.228668674477795	27.039197056698466	25.45218533475519	27.848373339027525	31.798720413722098	26.971843997532716	35.355715274079806	27.48806093857815
11.101833275621916	15.147385332188582	17.378869789609812	14.670197552130553	19.85488758159526	15.733495897037274	14.992272189401572	19.364666277251093	19.001645262504383	22.988579913140732	18.835330379302427	21.93972102369541	19.570295784923008	25.001660817923533	24.1582111881946	19.485970053303443	20.04317643960823	25.854900257486925	26.085152847837318	21.678011751892296	19.531859556744465	22.253229425331746	30.673723548004514	24.009437348954254	22.123135246972765	25.441282977035826	27.97801476983415	27.985470544476364	25.458903865088843	34.93565802088084
16.73424317935533	17.029649339077714	11.202893738327845	16.376031983501726	12.808778113208877	14.503170480351109	14.478701024666826	19.909927908048648	15.68206919730564	24.265580698209163	21.862220415522607	20.034148429959235	18.88214959204963	26.955401532478184	26.661207134296454	19.02579454981524	19.988610321458363	29.62373508000359	19.001303702848688	26.07705502515067	30.707296186507584	22.012337003949792	28.322752008164812	22.44101267838967	21.635996376941588	31.22723856754444	29.24425171190593	25.07149304614856	27.29602124361101	24.78855416868675
15.930971525288502	16.70066799360076	16.89654050686526	13.37639678121884	17.3171034557586	20.56248769449744	23.794099688479754	21.157220812200837	17.266497696448443	18.667168762448593	20.592709504315465	27.23655227492115	21.706814373245333	24.4804948357558	23.960957432215988	28.77436311574926	29.53543415481429	19.018148168223412	23.206661607126037	26.46385385383278	26.874724428938567	23.396432968201246	25.14307500686074	26.990201815603793	30.44344449343322	29.1959266391786	24.29018307349693	30.155696293306974	32.19290508154125	33.44142305409925
17.246845953300905	11.539224360900244	11.970957156941873	14.160216762349325	16.532498735847774	16.85870150710931	21.847070873478412	19.2146219332905	15.002863462313925	20.49570655547813	26.071757780784953	20.582079104876048	22.353525047574696	24.818217676481606	19.378420810518055	22.352977770711842	22.512974114636933	23.698594118790115	27.202804221634207	22.495465617480377	29.04043216461985	21.971023922252876	23.26651108320904	26.849679730814874	22.663625471262495	30.339761081453727	29.924525962172115	28.405806223163584	28.954186518905647	29.633396088800875
13.969202660622862	18.71931594935926	18.970797893922388	22.52279839638337	15.593757805055606	17.675176615439042	18.96956818567249	17.456295603167007	20.256826020225798	15.585398897564087	23.37961012836713	19.548545088021157	21.275269113220066	22.55469033795291	23.23622854275066	21.082413802632505	21.08463922232427	23.53018870871345	30.30285066560911	24.609847761396964	28.673816110580468	28.012292001202997	30.618671811305525	27.799852822820533	30.502579693030125	27.17374098019702	26.483295458634192	28.371307694361125	26.078841898712792	29.45853361499199
9.675072850843566	16.290144020477197	18.521575246174876	17.771387394545748	16.116581552136434	17.85161060389706	14.780713624169957	15.079664880490032	21.161531628467674	18.73113943066782	20.824484959498555	15.61307371680176	22.424282830367755	21.144660534646892	19.706149166088267	22.658753260937324	26.06912623617301	21.539391310500108	24.026177637514852	24.562327501046628	23.96210283228289	27.15557955678267	25.293697563484525	34.12166340536907	25.90572318416492	27.946370032922676	27.60821250654649	26.012993284183864	31.75929328676389	31.47833941242245
16.088719468377935	14.158126744420333	15.405904516504016	17.42652248969359	14.183526841088522	12.476516806472528	15.941782089055568	20.432428470835838	14.746435575901106	17.165085841465157	22.725647533433246	20.160867287506633	20.743945246676706	25.3344670057639	27.40778724225528	18.921143538855368	18.81999150628146	27.39824599513217	22.632979757050226	20.67345071823608	28.815324568731008	24.59108643346579	28.649096335797122	19.752281732988113	25.956308048068163	28.522946279157413	30.007339157275435	30.016695275315914	27.9860923789061	28.868091267567888
15.979546637043889	13.19983984211359	22.14136339568861	20.62628787694495	16.051612669113524	18.166322778625716	16.171677374573708	20.660770433610313	19.54906369113169	16.37449646348888	23.407553672816906	17.241781628682897	29.23325140914148	15.081972837042521	24.220199616771122	22.793266748828174	22.94523548602345	24.67648251133803	24.902679743369482	25.68328520558372	26.995972714117418	23.987195711393415	29.46137236826597	25.465500460424288	30.96671896390793	26.37448749465328	25.83937403319801	29.50867673857592	34.925818546306	31.426337811513484
16.464828621506626	15.340988525857988	19.26271817931612	16.38724317022553	16.035023090811748	13.805023940502313	13.279015228157657	13.024073414157293	14.019056491729561	21.467666098142114	22.402325352818522	18.843639025791603	22.548576710412853	18.03990537272266	26.534945406738334	15.492464278680687	20.615643877700666	26.406718686353035	21.501999909354687	25.272221680935495	29.694475084043646	24.90807582622194	24.236542598150102	21.276220089580523	21.668601455460596	29.333879639402404	24.479982139890467	37.55841069727908	25.726533329313305	29.066536501784924
8.896524644117758	19.184749644039787	20.010851361837986	18.650605552919988	14.721215881292892	20.08048453432029	15.560487059680005	17.461766203344506	18.330470895278694	16.098211540336663	23.01069925243973	23.856449559218085	25.327190897768368	21.840874276736255	26.79697452950367	22.90467247839154	25.751271889628114	22.068865989155245	25.970021331203377	25.148404084548915	27.233805689708955	25.33328816523035	29.78951790251447	22.969221338066852	33.62645811380315	21.224831942504682	26.115814082451585	26.732906973139315	35.11245320158509	33.4400159318944
12.42422513766096	20.201399499120328	16.276956223710922	16.67128667033931	18.92189152397375	15.916085175416232	17.839994573301425	29.561712956161653	20.759691182961806	21.832489339933236	23.096643762970288	19.42975841207716	20.97763219295166	24.867962882682477	23.733984386769347	28.18996183794328	18.5365265114543	25.595779440325547	26.64329318765055	27.30760576764952	24.349304487402776	21.901029142028058	24.686226560722368	27.14328769429289	21.25189708732917	27.98795362927588	25.58250949690409	26.869287654983488	32.176868434824534	31.929329517766746
15.588253979961765	17.91439156312106	20.492093056306796	18.4054978459582	20.025276565793767	17.736647311275316	16.43709559815321	18.83208281643441	22.836521533702488	19.309926077053326	16.031166389124984	20.034184723098125	23.04918833245422	18.09265245495045	21.453701320910472	22.14499821900257	23.626352800815695	21.812513263779923	22.328797577506506	21.21513428742061	26.461636226325655	22.04958691445397	28.946327739829563	29.531253780388365	30.38011098889666	27.386224759180234	26.892013076770734	26.25807739337347	33.43528726888056	32.71554773146786
16.103165330870503	19.552233292976503	10.737645157667782	16.137675663907252	17.042202663892482	20.637601834093633	18.570372976457126	23.85834071194145	14.008863468143895	26.285866303451186	21.08364506822996	22.47341009076382	17.64392205862648	26.231084963676963	17.46793159602455	30.435167060526027	25.109628265592608	26.07491190628053	23.0612993654683	34.05155059694542	23.584914113248477	30.793952757494274	23.64313891688755	31.875501612131412	19.399414370479708	31.623550784696697	31.08833456588055	26.337243397321224	28.85298055788118	27.232668317735065
10.19306865860618	11.285486489022006	19.09776481035841	18.190186117749796	14.096943175365253	16.850192833014912	25.60298177536329	16.770181286553246	26.647723568270354	17.740082674559034	26.56042320523817	22.904268791903846	22.2801726047509	22.508023790290018	22.23059795342686	23.892686473147798	26.025738916087985	18.82033656397229	22.37017009378837	15.517017905444815	22.521010707582832	20.34853169941903	25.80693347522093	22.82437937015379	30.581230704924128	28.744587450193475	31.13589356428851	34.41326964984347	34.53066836856333	31.08809549307828
13.730447396541276	18.382758778279772	16.30709288655289	16.168849967303004	20.195239446795497	20.486638525330953	17.71263878021592	25.717138089060676	21.350163984213456	20.831211008565926	22.35302931412265	20.61769244783177	23.186344671603415	25.074111414381534	21.81181638588504	29.561803260288578	25.3634893790673	24.17454270480856	30.154078711028752	27.848571634111867	27.57759516722756	28.054168076148123	25.346956853033273	31.815426897507074	31.351980782716222	24.271751380001223	25.562221882081346	21.732677125058597	34.10201000726516	30.927932634760907
16.34963989783868	12.603225801025523	14.745277174490813	18.39436921745905	18.713302072825734	18.165190425782104	21.181836101973353	19.599304520591794	20.477693885385122	20.58448145410652	19.96982369832704	18.937256092606464	21.36685274634465	21.38910354672828	18.4640089274287	23.61592327133135	20.091215654802795	22.71897047690132	26.968154131281132	20.937759136218006	26.196486501518578	23.743583667223106	25.329343226891055	30.02465472245392	28.09110682679321	28.175447116274277	30.597566148829628	26.869976932057984	29.15430244628387	25.462443492436165
17.041360896867758	16.191934980167733	20.26148186800743	19.615324361752986	18.704468912017962	14.153431410288757	15.09862328797487	22.329815480408122	19.063211099534385	20.92557915283583	13.606793579202277	18.85910375202399	23.36649001095892	20.98230564350088	21.237060367062934	23.435752685555432	18.454438981996788	26.079407488572155	24.810172592427477	21.80660058154377	24.079256410732846	28.926793340923954	32.872956054487474	26.95457377290405	26.63308814406827	29.184210867342898	31.23799869424942	32.019551460644344	29.236884568853213	31.58929753381689
14.28054915081167	13.862432427043661	15.67193057904191	18.15416884156129	21.629457297863553	24.579812680165137	20.227693876088598	17.521272456021837	20.910828850308214	17.45538694619943	23.846183830785094	25.031995897314296	24.35624586072059	19.748102296124834	19.32762192959566	25.26340919509513	27.131067595934535	22.050269748512495	23.647499039213994	25.322879578844038	20.326409119350334	25.137639235602126	26.222126350615163	29.74813584488522	32.962358294901925	24.298341002373167	31.541906265022018	27.45069791407227	33.95546712251958	33.23199556601014
15.910656498898911	14.201058593165174	17.77444160449433	19.992001420437195	19.202426864585956	15.529305868046665	21.000670564284185	21.96262018538592	20.286939252000167	16.741266392964967	17.930399756494076	16.17484171018604	25.5935640955816	17.12508866114745	19.543470068411803	23.24028620438028	22.45243859010722	23.02967544892166	24.088533800130275	22.636033298298084	24.938376788458847	25.766027163049962	26.842957568951345	29.145405259167873	28.76126927822132	30.268759838941495	29.495480049039873	29.803609551647046	31.65976178665467	34.69576140689739
15.992827416355297	13.945732604096706	10.892490246093075	15.058325892524353	20.309236616575237	21.924398350406527	20.209560042595427	22.434936168034696	16.37270420057181	22.305545567409048	19.454993008372433	26.27787984540844	20.495074093413983	23.20113543484684	16.527977513111093	31.2155366353657	23.81284331870403	23.943173579446444	22.994547265301545	29.286474606722784	20.108634522263053	24.195095327437002	29.175831416503115	27.736766088906773	26.12283690284077	28.482424770525302	31.615651540093445	29.13609813582134	32.717634047837535	30.89640354852239
12.822330908116092	15.774978431283701	13.44498984496158	13.90159960450599	17.33145783948624	13.64626588622361	21.567842871411383	18.376556618616483	22.065409939285367	21.144789949913466	20.590351033187677	20.321967985979413	16.909342482419714	24.19525923788445	19.603532145577294	27.6888192639844	28.981033325176313	22.05186639142206	15.165223710702607	24.014734467241247	24.81035975159872	23.482016292942387	23.618553213878307	29.070307624695978	22.988728186169475	34.4697419903135	29.804803297244554	33.87005860186249	32.94205682891426	27.56916987431689
11.650776112779347	21.13528249496877	13.764115054250247	18.006923360119924	18.54657031679327	23.49843574018149	14.617621600531223	20.806102971302177	17.82738267014009	19.905161876188256	17.38874767970813	19.81225470656476	18.313999241339104	23.620718321537428	20.69131453633092	24.596520394851588	18.61774340604577	27.485946160808968	22.355755421704075	27.404327289775132	23.04326845277689	27.5490644702374	28.68303882283135	23.636514937742483	24.56589579266997	26.636640492020696	31.534258101032737	28.82152601423281	28.37185987494609	33.28984675149994
17.224016155199227	13.267368180243547	11.358051571249192	11.950639943328685	14.733065558360089	17.03892697661901	17.884231765612718	18.02384545354846	22.471813126589314	16.580796129837218	24.780225034367753	17.1412206336986	20.908910673589816	19.0390942330559	22.78545177177706	21.87113112770618	18.20910144253825	25.69265456001474	30.407535601263945	21.30511531388843	26.26147688924437	20.992619931411888	22.277804273214745	27.28220033581747	28.944512384870258	27.412903562034042	27.878912351910202	28.283144428259433	23.66452371428189	30.762281636991162
15.495930216001243	15.394985468507617	12.871259611937882	14.674791275119151	13.861989691495843	15.409069739054685	21.341075142766694	20.208589816485446	16.941820227972904	18.952786013020912	24.69227104050871	22.458094999593133	19.480076707126326	26.655845223427818	21.051245197540577	23.713161768030375	25.906657213538082	25.940287234097088	25.609961668379057	28.25105151733158	26.72192560422245	27.9066202046778	30.802303509542657	23.72074971488604	24.406833976570002	29.130257239053503	29.712898930077422	28.844098202728567	26.693297410685748	30.124042011263395
13.733353086330887	12.864572483388255	14.005536205494261	17.898626904499626	17.658362570763508	18.970917739004186	18.829297170049994	23.01523567276837	13.080958504111297	22.943896957062076	26.73883294139989	25.86186376524124	22.629256799153644	23.504436265135674	23.313223489095883	18.762790049796685	28.020105290559158	25.972414153997335	26.46413814103899	36.31252487282048	21.15166859035255	28.858826904752114	26.57322801047481	23.123063489638792	25.78176681747524	28.937315069693195	27.90863037826697	28.62809953580366	25.8800674573354	39.19306723936555
21.75424386152211	17.647078689698475	16.987548891213812	11.349297967890378	20.10472760306188	20.44958722519509	19.29843325988893	19.477382496769696	18.795868711431236	21.5445235773935	18.0319669902628	23.81358610969593	22.138270149158352	23.01494103243895	25.55966343614198	25.149897160747045	23.81620158898227	22.196085652925827	30.612190371146657	25.488194263397766	28.293415794304686	27.738188105959367	21.821088089016563	28.9448490120965	27.516864377295697	27.891794445891133	24.297915330003406	34.39917138700527	27.54561809976696	29.55349935238228
12.87147433357143	12.943568565479652	11.963216205370557	15.607810581564289	12.268601146206958	15.054067026547685	18.070796704882344	14.26444381636787	18.168727604604065	25.578681894239583	26.425178493134435	21.56175761314573	19.892379380252613	26.545655960689572	19.297512043273855	20.405573955145275	27.886305664150157	23.925476305477883	22.18067860484302	27.085483336627405	27.814285008277942	23.788870014681045	23.550869008711004	31.21258718463547	25.431575965954625	30.391307069342837	30.496169469451893	26.55683295023776	31.397161038983562	23.44844130587336
11.191965256444936	10.83600261824775	15.191429873799953	17.75683151988019	15.350741202426391	21.25751537348291	21.172192902765577	18.76098448337391	16.455519154891714	18.90446329711613	22.221733112831103	20.167581991603292	19.78074843875872	22.89776484093435	20.16074853954766	21.918484557750524	27.06747236961319	24.4129450326865	22.653292048368726	28.073246211273	22.427538536667196	24.429715904217506	26.26925972804218	25.07888243354388	28.828113421275074	27.68981379482398	31.913405451006042	31.060757869110223	30.91789374831104	30.409138750704397
18.157685017162706	13.77043230187743	19.570101608045654	17.068506412072256	20.434688596131117	18.203335755511645	17.53416363899767	16.01054757720103	16.946086486725292	20.881833141767267	16.97738358436273	21.810839063158173	18.765315850265587	24.0734362738631	21.161380856358793	20.120717908814512	18.81441743430747	24.557538206914497	24.84192835084545	18.663928017346805	30.20158376230766	29.794855933480747	29.035523663479747	26.570823670087055	26.841485831688196	25.469781687734603	31.675319768794854	32.30759843235919	26.35281969925299	23.55969321490047
21.725091105397485	14.361932843764992	9.900732960759477	14.196746236712046	20.823371632931757	18.105846307056417	15.149145477561659	22.50221473550355	13.537296215333102	20.49944377360795	18.962375749375266	21.318887050598743	22.241462348012814	17.855811297739187	23.594548152007654	24.046517727514928	19.415982540435166	26.32129099918207	26.449659179641962	27.278776699574202	23.202480589090154	26.353601091695623	20.43814864668174	27.0077718901174	22.71808883874663	30.110041758893562	26.650233444834168	30.480966740900406	25.127242272917815	32.09784316886004
15.040283839354785	11.783992877035768	15.162941652088303	14.111482564831062	14.667518600393628	16.99397514188009	20.457807437776584	14.841657845338332	21.16281494748693	21.351285396841604	24.847889520545877	16.781123955964887	21.647468328836684	19.129092033636436	19.955095718885467	21.0654844013841	25.268059628446608	25.08016066753835	25.16852520532649	23.768831250991827	25.885522043807818	24.902105814590996	26.153872706737758	25.223951989768086	26.035451146745142	25.673722227048863	29.218724857767405	28.338692079538074	25.18405860063033	26.389127815992843